########################################
# Program: density
# Rundate: Sat 26 Sep 2026 15:11:04
# Commandline: density
#    -seqall /work/dna.fasta
#    -outfile /work/out/emboss_density/outfile.txt
#    -graph png
#    -goutfile /work/out/emboss_density/graph
#    -auto
# Report_format: table
# Report_file: /work/out/emboss_density/outfile.txt
########################################

#=======================================
#
# Sequence: dna1     from: 1   to: 124
# HitCount: 25
#
# Window size = 100
#
#=======================================

  Start     End  Strand   Score      a      c      g      t     at     gc
      1       1       +   0.000  0.240  0.250  0.280  0.230  0.470  0.530
      2       2       +   0.000  0.240  0.250  0.280  0.230  0.470  0.530
      3       3       +   0.000  0.240  0.250  0.280  0.230  0.470  0.530
      4       4       +   0.000  0.240  0.260  0.270  0.230  0.470  0.530
      5       5       +   0.000  0.240  0.260  0.270  0.230  0.470  0.530
      6       6       +   0.000  0.250  0.250  0.270  0.230  0.480  0.520
      7       7       +   0.000  0.250  0.250  0.270  0.230  0.480  0.520
      8       8       +   0.000  0.240  0.260  0.270  0.230  0.470  0.530
      9       9       +   0.000  0.240  0.260  0.270  0.230  0.470  0.530
     10      10       +   0.000  0.250  0.250  0.270  0.230  0.480  0.520
     11      11       +   0.000  0.250  0.250  0.270  0.230  0.480  0.520
     12      12       +   0.000  0.240  0.260  0.270  0.230  0.470  0.530
     13      13       +   0.000  0.240  0.260  0.270  0.230  0.470  0.530
     14      14       +   0.000  0.240  0.250  0.270  0.240  0.480  0.520
     15      15       +   0.000  0.250  0.250  0.270  0.230  0.480  0.520
     16      16       +   0.000  0.240  0.250  0.280  0.230  0.470  0.530
     17      17       +   0.000  0.240  0.260  0.270  0.230  0.470  0.530
     18      18       +   0.000  0.240  0.260  0.260  0.240  0.480  0.520
     19      19       +   0.000  0.250  0.250  0.260  0.240  0.490  0.510
     20      20       +   0.000  0.240  0.250  0.270  0.240  0.480  0.520
     21      21       +   0.000  0.240  0.260  0.270  0.230  0.470  0.530
     22      22       +   0.000  0.240  0.250  0.270  0.240  0.480  0.520
     23      23       +   0.000  0.250  0.250  0.260  0.240  0.490  0.510
     24      24       +   0.000  0.240  0.250  0.270  0.240  0.480  0.520
     25      25       +   0.000  0.240  0.260  0.270  0.230  0.470  0.530

#---------------------------------------
#---------------------------------------
#=======================================
#
# Sequence: dna2     from: 1   to: 124
# HitCount: 25
#
# Window size = 100
#
#=======================================

  Start     End  Strand   Score      a      c      g      t     at     gc
      1       1       +   0.000  0.250  0.250  0.250  0.250  0.500  0.500
      2       2       +   0.000  0.250  0.250  0.250  0.250  0.500  0.500
      3       3       +   0.000  0.260  0.250  0.250  0.240  0.500  0.500
      4       4       +   0.000  0.260  0.250  0.260  0.230  0.490  0.510
      5       5       +   0.000  0.250  0.260  0.260  0.230  0.480  0.520
      6       6       +   0.000  0.240  0.260  0.260  0.240  0.480  0.520
      7       7       +   0.000  0.240  0.260  0.260  0.240  0.480  0.520
      8       8       +   0.000  0.240  0.250  0.270  0.240  0.480  0.520
      9       9       +   0.000  0.240  0.250  0.270  0.240  0.480  0.520
     10      10       +   0.000  0.240  0.240  0.270  0.250  0.490  0.510
     11      11       +   0.000  0.250  0.240  0.260  0.250  0.500  0.500
     12      12       +   0.000  0.250  0.240  0.260  0.250  0.500  0.500
     13      13       +   0.000  0.250  0.250  0.250  0.250  0.500  0.500
     14      14       +   0.000  0.250  0.250  0.250  0.250  0.500  0.500
     15      15       +   0.000  0.260  0.250  0.250  0.240  0.500  0.500
     16      16       +   0.000  0.260  0.250  0.260  0.230  0.490  0.510
     17      17       +   0.000  0.250  0.260  0.260  0.230  0.480  0.520
     18      18       +   0.000  0.240  0.260  0.260  0.240  0.480  0.520
     19      19       +   0.000  0.240  0.260  0.260  0.240  0.480  0.520
     20      20       +   0.000  0.240  0.250  0.270  0.240  0.480  0.520
     21      21       +   0.000  0.240  0.250  0.270  0.240  0.480  0.520
     22      22       +   0.000  0.240  0.240  0.270  0.250  0.490  0.510
     23      23       +   0.000  0.250  0.240  0.260  0.250  0.500  0.500
     24      24       +   0.000  0.250  0.240  0.260  0.250  0.500  0.500
     25      25       +   0.000  0.250  0.250  0.250  0.250  0.500  0.500

#---------------------------------------
#---------------------------------------

#---------------------------------------
# Reported_sequences: 2
# Reported_hitcount: 50
#---------------------------------------
